2.81
2.83
2.84
2.85
2.86
2.87
2.88
2.89
2.89
2.9
2.91
2.91
2.92
2.92
2.93
2.93
2.93
1.27
1.46
1.61
1.72
1.8
1.88
1.94
1.99
2.03
2.06
2.09
2.12
2.14
2.16
2.18
2.19
2.21
2.22
2.23
2.24
2.25
2.25
2.26
2.27
2.27
2.28
2.28
2.29
2.29
2.3
2.3
2.3
2.31
2.31
2.31
1.05
1.23
1.33
1.4
1.46
1.5
1.54
1.57
1.6
1.62
1.64
1.65
1.66
1.68
1.69
1.7
1.71
1.71
1.72
1.73
1.73
1.74
1.74
1.74
1.75
1.75
1.75
1.76
1.76
1.76
1.76
1.77
1.77
1.04
1.06
1.07
1.08
1.09