1.33
1.82
2.29
2.75
3.2
3.64
4.07
4.49
4.91
5.32
5.71
6.11
6.49
6.86
7.23
7.59
7.94
8.29
8.62
8.95
9.27
9.58
9.89
10.18
10.47
10.75
11.03
11.29
11.56
11.81
12.06
12.3
12.53
12.76
12.98
13.19
13.4
13.6
13.8
1.11
1.64
2.09
2.51
2.9
3.29
3.65
4
4.33
4.65
4.95
5.23
5.51
5.76
6.01
6.24
6.45
6.66
6.85
7.03
7.21
7.37
7.52
7.66
7.8
7.93
8.05
8.16
8.27
8.37
8.47
8.56
8.64
8.72
8.8
8.87
8.94
9.01
9.07
1.45
1.87
2.25
2.61
2.93
3.23
3.5
3.76
3.99
4.21
4.4
4.58
4.75
4.9
5.04
5.16
5.28
5.39
5.48
5.57
5.65
5.73
5.8
5.86
5.92
5.98
6.03
6.08
6.12
6.16
6.2
6.24
6.27
6.3
6.33
6.36
6.38
6.41
1.21
1.65
1.99
2.3
2.57
2.81
3.02
3.21
3.38
3.53
3.66
3.78
3.89
3.98
4.06
4.14
4.21
4.27
4.32
4.37
4.42
4.46
4.5
4.53
4.56
4.59
4.61
4.64
4.66
4.68
4.7
4.72
4.73
4.75
4.76
4.77
4.78
4.8
1.39
1.72
1.98
2.21
2.4
2.57
2.71
2.83
2.93
3.03
3.11
3.18
3.24
3.29
3.34
3.38
3.42
3.45
3.48
3.5
3.53
3.55
3.57
3.59
3.6
3.62
3.63
3.64
3.65
3.67
3.68
3.68
3.69
3.7
3.71
3.71
3.72
1.41
1.65
1.85
2.01
2.14
2.24
2.33
2.41
2.48
2.53
2.58
2.62
2.66
2.69
2.72
2.74
2.76
2.78
2.8